10 20
-0.177797 0.984936 0.991121 0.054783 0.384617 0.901422 -0.514813 -0.732683 0.827667 -0.977925 -0.931065 -0.406659 -0.542420 0.875160 0.523189 -0.821159 -0.130930 -0.037448 -0.650335 -0.587785 
-0.277817 -0.571772 0.451301 0.429617 -0.216329 -0.854470 -0.834263 0.072902 0.641308 -0.810129 0.753920 -0.536489 -0.825193 0.745042 0.518294 0.559424 0.646464 -0.996520 0.826742 0.474131 
-0.974445 0.895677 -0.932528 -0.516865 0.770836 0.590661 -0.338024 -0.360094 -0.446788 0.011641 0.052121 0.275396 0.439869 -0.496577 -0.294988 -0.776460 -0.351047 -0.129250 0.296442 -0.709739 
0.060621 0.050363 -0.246227 0.235428 -0.204596 -0.727934 -0.205148 -0.558132 -0.724453 -0.378407 0.915999 -0.698898 -0.482730 0.983471 -0.215763 -0.711894 0.574131 0.446213 -0.071987 -0.872656 
-0.542146 0.980134 0.402740 0.897723 -0.516443 -0.892248 -0.878737 0.132510 -0.021498 0.417705 0.422771 -0.960878 -0.531932 -0.823456 0.274550 0.263472 -0.551390 -0.930598 0.705341 -0.275843 
-0.309005 0.621340 0.025259 0.208265 0.604811 0.809496 0.496371 0.178942 0.255709 -0.575616 0.306286 0.713563 -0.595482 -0.290974 0.611285 -0.111925 -0.183222 0.732548 -0.979415 0.795280 
0.150254 0.443356 0.834402 0.618321 0.619899 0.108952 -0.118206 -0.931491 0.178354 -0.412865 -0.207334 0.869348 -0.791525 0.817925 0.077613 0.813285 0.627421 -0.426015 -0.007772 -0.116870 
-0.001631 -0.701486 -0.403308 0.402887 0.007540 -0.792022 -0.709039 0.824319 0.940526 -0.688454 0.619599 0.090780 0.754901 0.454001 -0.290899 0.374801 -0.437047 0.590895 0.443310 0.741306 
-0.821971 -0.764024 0.610655 -0.613496 -0.946099 -0.311732 -0.800211 0.681321 0.262253 0.192017 -0.435549 -0.739379 0.490531 0.161143 0.663508 -0.501928 0.369121 0.954469 -0.677610 0.309647 
-0.733985 0.941989 -0.599574 -0.979084 0.395989 0.109527 0.395717 0.958942 -0.299578 -0.160973 0.700248 -0.121548 0.075003 0.310903 0.264956 0.128903 0.999171 0.464745 -0.189775 0.261424 
